6922,7444
6023,8658
6937,1608
6498,5968
4738,5997
3511,2236
2329,6969
1537,698
8863,2032
486,5718
2143,2594
7385,2218
867,1947
1893,350
5951,3697
4747,3787
6194,6901
7902,8108
904,4568
653,4753
5785,2477
7081,9415
9923,9558
119,7993
8445,9449
9800,5181
2280,769
2145,4299
43,3780
7745,4958
9651,6113
3,1028
1232,9653
5984,5371
8986,3378
9722,4262
1369,5674
9845,9587
5445,7884
2237,1257
1818,3835
1848,6419
3824,9473
1493,5393
4724,3574
8020,7041
6730,5614
5012,9566
2460,6017
8134,249
3540,4663
8889,5032
9602,5499
3787,6506
844,2469
8737,2074
1529,6450
3118,5776
4236,3489
7092,1666
8110,576
633,5376
5241,2652
7403,5639
646,258
7082,9287
9600,1977
7587,7025
4817,6686
6674,8183
5645,4860
4521,2237
4701,5909
5477,266
2475,9079
5289,8818
8762,6429
2010,2947
4006,3483
9621,6906
7929,7985
5824,582
5233,9269
2328,9383
8683,5931
942,7379
6645,8724
5856,3222
5889,8223
660,9144
6997,7097
3141,1411
4800,8070
502,3140
9773,4608
2993,1319
6867,9562
235,7461
8831,3917
6810,5239
3555,5895
1408,6347
8089,7702
2145,19
557,8579
6850,5578
2805,455
9678,812
4809,4386
5575,6942
8715,8965
9367,4043
2914,9397
493,6852
8440,8159
4172,1953
1390,5203
5549,1084
5654,6561
3103,6859
5885,480
2567,1169
7510,7172
8269,6375
9613,9175
2626,4411
8085,9600
6269,4346
6269,7113
3406,8420
7166,5044
1345,2160
4372,4865
4161,7338
4653,8544
4902,7973
1268,8436
1037,8188
6355,8150
6256,5472
1102,3856
6949,8967
5495,9467
3598,1527
8636,1187
4539,8242
3128,4402
9383,826
8840,399
6506,2620
2984,910
1702,1045
4236,4360
3122,9326
8511,7765
7677,7802
838,7621
7273,3284
7773,2084
6352,4594
1251,2615
8366,3444
3971,6336
4810,6547
8707,208
9000,5922
1619,3610
2466,189
2137,5868
4694,1119
6301,3943
2694,849
3185,6394
7359,5169
6779,6058
2724,6713
3713,1891
1358,361
2211,7903
6722,7539
9181,6219
596,8256
8386,1733
6142,6869
5120,7044
1135,1881
7021,5201
7913,6940
9538,7472
250,7198
8585,9251
9370,2621
7107,2260
2187,9339
2235,2091
7593,3859
8742,6761
1569,68
3326,4054
2088,1440
236,473
37,9319
4892,833
9271,8102
3585,4025
443,4341
7608,9098
8525,9496
6429,7563
1126,6087
9122,6381
4601,3007
9011,6858
2732,244
3607,7800
3585,5444
5347,8380
6921,8065
9160,31
7292,6236
2568,3660
5711,7768
1637,3224
5808,9180
7778,1648
3210,5320
2908,5558
1887,3421
5427,6583
285,7571
7645,8975
4460,5329
429,4550
8520,8748
2148,440
313,6361
252,4432
3492,5423
652,6358
1357,5747
1030,3088
2009,1944
4555,7779
2514,9292
6450,3473
2609,2548
9254,9212
8087,3114
8697,369
7294,6594
4214,6557
6985,7295
1327,6349
5036,7968
2045,5963
2751,8550
5192,4043
6500,4524
6920,2497
758,2156
2018,8692
2269,8152
7312,7247
6575,544
5819,369
6194,280
8519,4245
1513,3956
5572,4191
610,7664
2714,4019
7199,472
711,3530
6812,5172
2681,3532
5649,6159
9058,5103
4545,4975
4257,8265
9406,3539
9198,4465
2123,1666
9190,2456
11,931
2511,2521
8374,2704
1874,2544
8864,7426
1467,1786
7395,3753
416,1384
7286,2265
4153,21
666,3385
9103,5959
9099,6713
4200,6487
7858,7654
1879,5497
712,7660
3498,5845
2639,153
4562,2922
4255,6470
5632,6510
3483,2453
848,5613
3103,7766
6561,9236
6898,9116
1777,6017
1232,5936
2814,1636
7875,4772
4070,1186
5509,5350
1065,9086
245,3955
8109,7091
7067,1217
5140,3573
7110,2564
2453,6603
5828,7936
3357,75
1070,2014
7938,972
5843,6827
4581,6052
6689,2905
4396,8814
2377,4417
981,7467
1377,1122
5335,8475
8968,8787
2139,5645
3940,7531
8219,7993
3456,5539
5138,9241
1398,3971
112,3470
6721,89
3209,2752
8675,2032
383,4131
6135,5632
1184,2668
1571,4299
5191,4676
2573,4190
434,1604
9163,2267
6332,7597
7886,5879
2572,1131
7053,4447
7368,7689
4278,6798
725,1279
7195,2562
9056,6892
8352,7284
8769,7575
6306,5513
6380,8419
333,449
6622,6478
3514,7774
3578,4424
3037,4878
4133,2766
8709,8507
6329,1668
7506,2764
7635,4035
3551,3886
6722,5
4383,2805
2511,1852
2752,7984
1267,2347
8720,3401
792,6564
7052,870
4141,5735
3192,5538
7468,2292
7649,6247
7391,9047
934,7056
50,3515
7085,2322
4830,5670
2958,6577
2072,699
5225,1711
1654,4267
3586,1770
3259,5269
7666,8948
3826,6595
7814,1877
829,7203
5610,4399
1571,7320
4608,2668
910,4888
7885,6939
4452,6355
7745,4314
3577,457
7973,3420
494,1468
3855,3173
7872,5840
2961,2098
1354,1176
3201,2640
4866,5173
1481,6782
46,7712
4972,3919
5254,2535
794,5923
5532,5798
6468,6053
6664,3322
5329,3348
7751,4361
1373,8498
3318,2416
5662,4875
4325,2491
1303,8862
1669,5208
2048,8396
4840,942
4242,4993
4619,4020
7282,7082
668,7046
6754,2048
8471,6023
4555,7145
4965,8953
4006,493
3774,2108
3434,6739
2024,85
8683,2740
1222,1055
4224,311
3722,7156
1193,5685
8162,323
7810,3699
6162,3392
7781,5359
4751,3587
5483,7376
7013,3251
3860,1811
1184,1544
4585,2711
6582,6570
2946,4506
4408,4508
5820,8673
2794,6404
7384,1291
4797,7918
8022,4614
1117,297
3399,371
3390,7122
1964,7483
3665,1283
4778,7016
6242,2394
8166,2161
2544,7520
8125,1568
6417,3274
8313,1634
6599,8120
2542,7367
5231,4163
2551,8103
4258,8259
687,880
7162,4187
8329,8460
4572,4484
826,3104
8727,7803
2401,392
7232,5186
7749,6277
8773,6412
7188,6846
1008,1751
2788,4272
4545,3604
2225,8484
7720,5664
2730,6961
1695,7240
3993,7338
8154,8627
5980,1911
2430,5171
1902,7758
5678,2136
117,33
5384,5249
8277,6810
1046,2825
8831,5374
1383,4023
3880,954
2239,1324
4346,3032
5035,4403
7650,8924
1175,392
7060,126
414,5241
4382,4791
8784,3980
7526,2389
3465,2178
3067,2444
6313,4860
5875,7798
7323,7542
5914,4097
4708,4994
8589,1096
809,7789
2694,1257
3417,140
7774,4961
7093,8101
6354,4728
7349,4005
5495,6314
5403,1476
6397,55
7159,1884
5620,162
7417,8729
1573,2548
3389,2935
4324,4325
5538,3264
3955,971
1271,6227
7851,3304
3299,6985
4239,7082
7374,1129
428,3289
2020,8458
7558,3209
7457,8482
2822,7791
2141,2516
2721,3561
7431,5189
1554,4126
3742,2007
8034,4052
39,4494
5008,8015
2492,3066
5613,157
6492,7374
1656,6247
8247,7125
519,3779
4222,1101
5702,5888
432,5000
7661,7586
3477,4256
4705,6935
5393,103
3309,5330
1938,5207
3229,6348
3416,8342
706,4356
2836,2648
1275,3591
850,5288
4127,288
4638,6583
8694,2623
5112,2119
3596,3855
5629,6216
4500,7029
7150,7462
3572,6349
4031,5123
4277,3009
3863,2975
352,4667
390,1327
3025,6568
3698,4036
6690,6961
117,4389
2270,7571
208,676
203,8579
1592,8132
700,5964
3806,2458
5962,4142
7828,3697
8306,4495
993,1105
5187,1646
6190,3991
2217,3758
7834,5774
147,1573
8251,6277
6868,2734
5153,4743
6101,3332
4888,4435
1404,4467
2259,3135
846,6664
4102,7603
7449,8713
4456,2171
5926,7733
7909,616
1356,4943
7174,5168
720,4538
7933,7835
6412,6234
4304,3202
7683,3055
6294,4934
8294,5266
8394,704
8078,3028
3123,4255
8337,212
7004,153
5809,6037
333,7805
3518,4507
3361,1139
4842,8386
3689,5549
5208,3113
5399,3301
2334,886
8568,4360
2386,8177
2558,643
7982,7158
1224,6990
1801,2890
5485,504
6185,7731
1997,359
5862,5151
8324,3145
8332,5121
79,8532
1558,2814
4150,4927
6267,8452
1903,7402
309,2617
6406,6258
3449,8319
8430,4992
3259,5001
7960,1933
2867,3163
7971,6094
1103,5008
6056,5803
1202,5381
4643,5881
8045,2652
7694,5129
2978,4913
702,1973
975,6679
193,3539
1300,4347
5515,6133
5313,3299
8469,3298
5747,6742
5620,6984
3441,6639
3796,1240
2365,4691
6156,3526
6553,507
6779,785
601,3268
1994,6915
4269,5945
948,4763
2950,4396
4759,5328
8042,8469
473,6467
5467,1328
118,1279
5589,689
1668,4897
1100,8011
8151,4843
503,5224
5532,786
6108,4698
5494,2024
1291,1528
7559,8325
5753,840
3999,7572
1855,6993
1748,2441
4189,8201
6580,5188
385,5462
3732,8429
1585,5621
5774,4777
6299,4631
4230,6239
7366,3945
7717,3312
2941,6959
5138,3910
2292,327
4039,4717
5198,2612
3016,2623
6218,5668
639,823
7124,329
397,628
950,5549
431,4167
4248,2752
1995,1104
5097,6237
185,6389
7733,6910
7966,5701
3028,2644
2871,57
1403,7474
3195,7436
2579,3125
7011,613
3963,3384
7556,6991
3523,7042
2344,5846
6484,955
8100,7983
6782,2913
8051,7396
2410,5074
3341,7734
6133,3393
6235,4445
5900,337
7657,1930
2329,1450
1570,1108
4175,1372
5572,1694
7090,1642
2837,670
4530,2092
7620,2058
2971,3314
1713,6903
7814,4217
4986,5915
8180,7668
2903,558
5552,3080
1068,3164
7765,406
3487,4998
7777,6944
3771,5372
5733,6312
284,759
2215,2652
3171,4010
4161,4146
1456,2561
7006,732
2509,6489
4847,4042
1324,4882
6840,4980
4520,3977
566,8032
1294,4096
6967,2593
2657,4395
7893,4708
1147,1477
3906,4198
3669,5486
4459,7239
4757,1387
1609,6855
4508,6986
6245,5342
137,3701
5579,7221
6858,736
1767,4654
190,2532
1345,7400
5371,1551
1471,5394
3005,2271
7905,1021
2555,635
360,4168
408,7901
209,3110
2348,2046
3488,2638
6155,1601
2439,7258
7111,650
6148,407
8006,7544
3980,1123
4110,5355
1841,3180
8203,4516
3816,2216
7352,5188
2761,7789
3317,1391
6766,7225
523,6938
2284,6428
7316,6984
1220,3742
7382,2503
6544,2338
4400,7448
1306,3290
4929,7501
47,3333
6014,5298
3176,6091
6486,1258
3550,948
7090,2917
3905,5679
2154,7159
8128,1044
5218,5796
2070,5368
4103,6341
4044,5656
6203,1463
6052,8119
3852,7697
2827,4054
1335,3402
1186,3467
3728,4425
8146,6015
3401,267
4872,4428
6812,846
177,5454
7514,257
6280,7334
5389,2907
7429,7864
1235,5725
8073,4986
3421,3639
5302,7575
82,8037
4310,6944
5929,4621
5513,776
5831,4252
1945,3810
1446,7790
7015,5319
1276,580
581,3570
1390,3679
6832,6604
4151,1517
2214,6171
4522,3126
2567,7918
3148,5458
4316,6923
4706,1418
7669,2862
2919,5465
1476,1118
949,3585
6370,1617
6847,2722
3680,2820
3036,1711
6138,4558
1178,5844
2763,4379
2385,7466
4400,2679
1666,2177
649,4130
3439,73
596,7980
1061,5849
638,4059
2183,5673
5613,553
3278,588
7423,1781
7550,7852
4841,1423
7415,7855
5702,6960
6760,3258
467,3565
1046,6898
7548,6872
2914,2215
6274,6728
2110,3800
1744,5279
1063,2055
2352,3605
213,2193
1084,1783
23,2597
3218,1912
5416,7302
4790,3667
2465,1731
1193,5879
5343,5150
2989,3365
6181,6795
5708,1050
2395,674
7724,3715
6061,7606
354,5319
5458,2074
6699,4530
2155,6735
3518,6498
3645,5593
1430,3664
5469,2580
4226,371
2585,3913
7955,3960
7095,7016
5454,1474
4521,31
7410,7376
2910,7520
3883,5827
6899,7480
6223,383
3062,4688
3691,6613
1611,4509
7721,569
5324,2021
3601,7814
4463,7302
1114,2124
7630,4406
6213,6431
4623,5187
7990,2109
7300,4139
3555,4121
1687,3605
4753,5968
4348,3816
5300,5881
209,1317
2328,2557
7254,4850
4135,2478
4415,7550
2880,3587
6357,1742
6153,2464
1240,7740
3738,5838
4658,1566
7254,5435
937,3565
6838,1698
5225,5585
3430,633
1974,3198
1900,6267
2057,3625
7104,7702
1033,5468
5635,7670
1242,7893
5695,7873
5383,2266
4691,4540
67,7378
1201,6574
2007,4823
1605,3655
5925,2415
5174,6741
4081,2230
1596,3129
7748,7782
398,5531
612,3950
4768,7087
3847,7470
4160,972
5768,6851
4223,2932
875,6781
561,2507
1979,3232
4224,5130
2001,3416
1748,6506
277,6767
3552,6893
6248,2540
102,5474
1853,7026
3898,4006
2578,2007
2697,2424
647,626
5750,6928
6056,2219
5822,5162
1655,6948
1136,4477
3521,3142
3498,5059
2181,6108
6760,4931
3880,5114
2589,3199
6700,6586
1066,1713
2851,4407
7759,7804
524,1780
4449,1364
5497,2668
429,5894
922,6214
5196,7111
1390,3467
1929,6532
3493,6652
1806,4295
3076,5583
6357,3363
5854,2525
207,7265
1141,4076
2286,5061
6976,1161
3923,1723
6489,2116
7347,7306
5637,845
3977,5458
7695,3281
1792,3201
4618,2341
6008,3993
2577,3429
4685,2742
3217,1070
3302,2944
2442,968
4715,4630
3894,120
115,225
7303,199
25,1361
7052,2281
6412,2213
1582,878
3433,2546
723,4773
2614,6555
5815,6045
2459,3513
4234,1165
6253,5378
6555,4364
4822,4634
3883,7078
1542,7521
3143,1555
3640,4387
2299,4610
4671,287
4746,2449
1146,2320
5366,744
2203,5393
6076,5875
6523,5564
5386,4331
3720,6092
1683,2381
2534,2658
5171,1754
6035,2229
7039,3624
7099,6870
1114,5927
4218,1184
1351,2155
6455,1766
15,3898
7685,5768
2139,7105
6235,5692
532,3674
2104,6490
5519,5228
2679,7590
2054,1992
2810,2966
4093,6590
2964,1721
1337,3015
4244,133
1633,5298
4179,3202
5531,1935
6032,5447
2367,4428
508,5713
3184,326
1682,3332
1502,588
1325,3546
3216,4275
6772,6998
6981,3456
5315,1091
919,5917
4395,6755
2828,6059
4024,2882
7113,6528
935,3553
6807,4860
5177,5252
1471,4721
7391,3739
4866,7241
212,742
1673,683
4539,4974
6124,4788
3834,2051
4232,4902
4492,4061
20,1378
2856,4726
3912,6396
3818,2586
7243,5369
4332,5943
6676,1495
5482,2231
3655,1554
3819,1285
5662,3624
5040,2127
1496,6618
4336,2295
2663,6457
6883,1878
353,1097
5193,88
1843,2633
7378,6025
3386,5195
1083,3873
3920,6144
5844,4592
6846,1584
5946,2654
1064,3180
5939,3956
3893,717
3202,4836
2031,1506
7452,763
6012,2431
5548,5535
3845,5355
380,1007
1724,5320
5429,449
2519,1148
5729,2889
751,7253
2980,1066
489,4191
805,4697
2687,1216
3721,1115
6933,2511
3958,1862
5241,315
5360,1472
576,292
729,1466
1194,4901
917,3253
5242,5449
1419,2722
2495,303
4052,2281
6011,6337
270,1796
1612,832
2818,2606
1610,6742
1570,6685
1340,3536
2697,2187
3270,4222
2294,455
6472,1498
7330,3067
3246,5019
6900,4700
7249,984
6075,6581
5909,1659
3313,6343
44,3533
7301,7188
4926,5572
7292,1915
3301,1695
1894,1684
2723,6667
6879,5707
5448,3569
3250,4476
6420,4641
5976,4028
1380,5542
2791,619
643,2426
752,7095
212,3778
2126,7142
4333,2533
2956,878
1634,5370
7162,1535
3096,5173
1953,560
1527,350
1108,2313
5806,6228
7297,2816
4949,3238
5759,6762
2751,6623
1259,861
934,2200
1460,6323
4500,7099
1350,2887
599,2352
2814,1027
4847,4404
916,3589
3555,2213
6459,290
1305,5806
1262,1371
3844,6666
2161,1078
4135,3558
5485,2383
4076,6252
593,883
3681,2991
3422,1794
6346,5568
1698,3422
3379,6221
5306,528
2302,2145
3172,529
143,961
6884,2476
926,84
2448,5156
4893,266
6070,4374
4192,422
4279,5905
3780,30
7210,551
6100,4625
1279,3062
4071,5153
5301,4928
1333,1619
6079,1969
373,4918
2221,3088
6646,5419
7247,3569
531,5555
4199,6034
6770,4619
6508,2934
1914,6672
4042,2255
2230,2599
1729,2816
6955,3786
5677,3063
2078,4796
3790,3245
1480,4065
3968,6531
5470,1173
6505,5618
75,3604
18,526
410,2519
3552,6696
5887,2341
2985,1931
4830,3789
6979,5028
3159,6645
3383,2829
6965,4144
1473,2990
1739,938
4514,2674
633,7190
4696,732
145,5647
2162,5851
2561,1192
2386,4396
221,6189
4397,6949
1788,1840
5625,4910
4298,6145
3335,6024
5004,3641
5847,3155
2109,4244
5991,6674
5205,864
6014,5883
4844,2233
1770,6366
1607,1103
2440,1949
4219,6169
2586,753
6918,1729
1188,7076
2510,6772
5552,1689
3814,5839
2919,3693
6955,6177
3706,5486
2386,2892
6346,6524
155,5671
2074,6712
63,6406
3272,3167
3668,1370
1778,5979
1038,5053
3393,372
3028,6051
4123,5571
2473,4288
2041,6136
6449,5220
6531,2584
4541,4096
6691,1308
6936,3204
593,1222
6778,1625
6957,3241
3462,2358
5145,2421
4023,4065
2631,1873
2752,3307
2429,3459
5877,753
4011,2995
3595,3057
241,1972
6958,675
5724,6665
1799,463
6126,4938
4422,2150
716,1388
6170,866
2082,107
6220,6702
2084,2354
2560,4617
6905,1215
1646,3198
2526,6133
6262,4683
4708,3683
1372,4942
3359,2763
3710,5540
612,3532
4998,4759
4518,590
2567,1029
4348,4969
5730,3873
3833,3950
959,4947
6457,2309
844,4471
4973,5647
4988,7018
5707,6769
4487,4084
11,1204
4551,6350
3447,660
6040,5584
4390,4833
84,6265
5675,609
5868,4584
382,2359
831,741
2700,3454
5491,1035
1901,6245
546,1998
5548,4984
6048,4753
3125,5488
1009,3116
401,6367
412,3147
4904,2391
539,1597
2207,1596
5778,4328
6751,388
6581,3316
5888,3715
1364,3556
2710,3486
4408,4185
111,4005
18,6370
5748,2326
3104,169
6569,2722
4148,1010
1930,4658
2817,300
2890,3859
5789,298
444,3191
2219,5119
5348,2701
5807,6355
4086,4410
393,3875
1929,3188
3011,880
2353,1136
2803,6813
5430,5564
4691,3989
3190,5524
1369,1207
881,1055
651,5776
4622,4077
3709,3857
1764,1844
997,3015
3445,3673
3016,2129
2308,259
5994,5652
1623,1920
4862,1736
1038,5868
1794,1806
5398,5132
1903,6707
1317,4560
5427,3004
3726,1535
6135,4747
6360,6038
6003,499
135,6666
3330,1733
2518,2535
1660,2907
6392,2610
6456,5838
3081,5791
4696,5617
2258,1883
5321,3510
6800,1179
1679,5743
5103,3
5263,762
1008,1222
6132,2457
2783,4327
1588,1247
2507,55
6133,2832
3438,5841
292,5552
4939,6416
6753,4773
3687,498
2461,4437
693,2463
559,5791
4940,4417
3468,2494
4102,889
1879,5125
3307,3960
3021,5570
4164,3417
3076,2186
2578,2461
60,934
879,2950
781,5485
88,472
3890,504
5565,1669
1747,310
3734,2610
3116,4887
3396,3602
5518,2526
3923,1978
2216,960
3357,1157
590,257
4214,266
1835,5018
2382,6402
4869,1965
3603,4756
2386,3600
3779,1362
6313,1620
2189,2689
1808,1534
288,4949
5547,5732
3707,4303
3778,5658
721,6573
2099,5686
6629,3603
3053,5255
6573,3485
4679,4077
4484,1136
1261,5376
1197,1892
5480,2535
2413,585
5504,655
6078,5788
6694,5983
1469,2842
1288,4805
2590,5921
1231,3753
2627,3426
3689,164
5026,1033
1777,5414
4719,4445
3766,5862
3653,153
4493,1794
5516,1225
3209,132
1041,1431
6287,817
3605,3769
3749,3693
2174,6550
1466,5244
6586,4202
2717,4462
4886,5272
4193,1365
5489,73
2628,1606
1992,807
2299,1305
5017,6161
5944,1350
2678,1089
2685,1182
3803,2845
3234,1235
3951,4745
3206,4819
2948,5171
5912,6093
4098,17
3564,225
3687,1824
1313,960
5444,4638
5467,2773
1450,2420
5305,2662
581,111
2535,5448
1495,1518
640,2016
2010,2930
4045,723
3503,4433
5277,3450
1535,2835
3831,4959
2562,5671
4280,841
6383,1708
2363,5765
3987,449
6385,1511
6028,531
4200,2813
2605,444
4554,2554
5972,1529
4814,743
4373,583
4053,989
5933,1989
1222,5200
5169,328
90,1513
2428,1677
5627,6358
5727,1473
4603,1547
3121,2509
1287,2946
216,2435
829,1081
4841,1259
5534,1020
833,3506
3039,5750
4213,1359
6364,1975
5778,1159
2902,5651
437,2660
373,915
1383,4732
3373,4458
3474,3235
4166,1841
5830,1088
765,3461
1147,136
340,3874
1344,5599
671,5443
5160,6381
2112,4328
1646,2600
2300,1942
6113,2167
2486,4079
2042,6421
6203,93
4397,1054
4057,4110
5833,1182
6400,3095
585,2868
817,5595
810,5518
4265,1354
1969,1444
2261,1510
2589,5525
2782,859
919,2199
2223,3626
5083,3178
1400,1225
437,244
5937,284
1514,3045
6060,3941
6424,5480
3708,5242
1764,3176
1119,573
4361,1118
2085,588
4116,4648
3967,5315
4726,3169
3160,3596
5405,2739
4455,3862
1450,6033
5112,561
6001,3946
6270,5358
1836,4754
1538,3547
1788,3973
5523,4179
1067,1634
5679,3927
1076,803
3538,2228
2712,600
1995,4764
6288,2432
4941,3645
1000,6244
3754,2155
4468,551
1001,399
1272,3138
5155,5751
3078,405
3489,734
4040,5370
2504,3734
3455,511
2758,639
2460,2852
4241,5353
1927,1478
5436,5780
6175,4275
2521,1937
204,3332
6068,509
624,5234
2627,4312
2033,4153
5510,2286
3484,1248
703,893
6277,1184
177,483
3445,3086
6040,1593
2677,2017
4825,6138
4049,5707
5901,5142
4235,1533
524,691
5623,1976
3080,4554
4226,4778
4942,4640
3676,1931
1840,669
765,4501
5809,4944
4062,2019
4812,3451
3612,4432
4157,4927
388,2813
246,2650
4555,348
4360,1930
715,10
1594,4258
4411,1946
2574,4962
4440,1373
4217,733
168,4119
5322,5828
6167,933
1056,2190
3018,3372
3374,1166
4104,4434
4128,1391
4490,2264
67,3297
3850,6177
6222,748
2875,1524
513,2091
5705,6100
5267,2215
198,3392
4716,2547
3751,704
2747,3588
5548,2144
5162,3606
2902,420
138,6209
4068,1168
451,2150
1293,901
3136,261
4130,4531
2916,4598
414,5199
2727,3155
4332,1141
958,695
5929,1559
3871,3751
5732,2719
3968,1684
988,2582
4070,2432
1373,546
4238,4494
5596,3083
909,5506
243,4415
4619,5415
3998,4350
3144,329
5609,1979
5460,1742
5656,5638
257,2481
3496,2906
2616,4764
3131,1434
5459,1526
443,472
3192,6046
937,4410
3736,1227
227,1646
447,1486
3120,4620
5907,1356
5732,3607
2252,5173
3289,2302
2943,1912
285,1733
976,2657
453,2315
2342,4965
5094,3061
4925,3493
1136,3248
5536,1174
4386,4191
1500,3969
5142,4913
5490,5005
3138,1244
5151,5647
5309,266
4367,4276
3665,1261
5707,5329
3399,1060
765,4041
5419,1621
2521,49
5793,2381
213,2451
4177,1064
764,5199
789,5076
2884,1499
2357,2091
5611,5310
3268,2802
5735,4784
4782,629
5907,5963
3632,188
3870,3293
3392,3553
4626,3484
2360,5393
5277,742
1021,2668
1441,4203
5576,5231
3452,4656
4451,4166
2935,1289
1535,1542
753,2584
1964,3802
1351,5116
2542,338
4872,3953
3258,3535
1779,3299
428,5442
5185,3020
2868,4824
4246,585
1343,1504
5234,5577
3227,1224
1481,5491
3300,2554
1736,1828
2771,2016
1499,4585
3999,143
4229,675
3820,3518
924,2011
3414,140
4187,5015
4984,5918
4436,2736
3314,164
1224,450
4567,1798
1859,1302
4863,5368
635,690
1776,5942
513,4414
3901,579
5006,2700
573,3536
2768,3819
571,3187
2130,3059
3029,2462
484,3364
4096,4976
4490,2582
779,1037
1,2175
4262,2896
1800,4414
2853,230
226,3437
5589,5721
1089,4363
885,1711
2140,5723
3363,3368
5829,1357
5612,4749
4224,2370
4836,3230
2553,2754
1422,3882
3598,2834
572,2798
4371,3622
1713,4286
946,337
2931,4622
3399,3240
1356,2066
2451,2357
2801,4679
5132,3342
1148,4568
2489,5416
4581,5340
5475,5527
3597,3394
1991,1679
2089,4166
3753,3998
3250,4420
3966,4970
2395,5441
4324,965
1324,964
999,2737
761,186
5830,2643
4627,242
1666,1907
297,4827
4912,2266
4678,1319
2631,5405
2598,1699
1132,3072
4184,4323
4970,4248
692,143
928,1589
225,1506
4048,3581
4295,2703
4717,3379
3418,5198
2913,1829
2470,1821
3664,4268
5339,1676
271,1062
2773,4751
4211,5462
5665,3772
4386,2291
1076,1552
1929,4441
5145,70
1665,4623
756,1306
3797,1948
2437,5069
1954,3226
4603,5120
587,2334
638,681
4710,4830
5681,5673
4624,1306
3110,4385
3717,505
4117,2395
2276,1843
3229,4267
2491,2377
148,4827
3475,3991
3673,4121
4415,3495
2762,965
833,523
3152,2024
1634,388
2631,2886
4525,5233
1245,350
1487,2160
3366,3259
3602,33
2757,103
5747,318
2594,3979
2164,1592
2976,698
1131,1532
1228,1106
4298,2121
3514,3162
3113,2066
748,1868
4953,329
5468,3006
1116,5537
3302,1295
606,398
499,4341
720,2633
971,509
3666,4893
5578,35
3148,1912
1734,2960
3961,133
1791,5080
4360,191
132,1514
5000,873
887,5366
586,5288
2830,2344
3997,1661
89,724
1020,2600
379,1640
1136,2975
5180,3912
2191,705
4409,3005
4289,2474
4724,972
3702,3903
2628,410
263,4668
5005,5522
1725,1302
5594,4048
2031,3195
1730,1467
1804,997
1917,1338
5418,144
3901,1362
698,1901
4977,4251
2136,3546
1049,3774
539,1837
4289,78
4679,5327
455,2014
3242,529
5549,5471
3023,1107
1854,4631
4612,2908
1182,3257
544,3349
1206,3523
5614,1249
5336,3995
5297,731
3344,3804
246,1790
3471,186
4515,1635
2415,2105
534,5507
3711,4840
233,4032
3948,5196
39,326
5225,4826
2336,3401
3195,2802
619,745
90,3392
5561,2071
2318,2484
2787,1715
5172,1215
3228,1651
97,2942
479,4657
2693,642
5201,1958
3256,1551
2884,120
3916,4922
1097,4082
1444,2428
4159,652
5129,3730
1529,4579
2113,4028
3148,1206
2022,4079
4403,2702
1935,3946
226,2250
4301,3229
690,2526
3145,4208
3040,4086
491,5387
3692,2938
1368,4235
262,2708
2598,2548
2063,1915
1393,1448
2510,4186
3028,3952
5447,4689
2677,170
3711,5471
4647,4362
5277,3731
1718,1608
3026,897
671,2958
4044,2241
317,196
5333,3291
3778,1668
92,4878
1856,3813
843,2819
701,2011
4978,4674
4236,3835
1384,317
1644,3700
3768,2498
4425,2027
973,974
4987,1151
1229,3910
2883,257
3828,2803
4076,2122
887,992
76,4287
3570,812
3480,2422
2996,5156
2097,3804
2128,2304
1552,3688
584,2084
1894,2797
4303,1725
684,4563
5310,693
2552,2385
5360,438
3619,2143
575,2085
2914,384
237,2794
114,2924
4437,1974
4450,1260
4299,1157
4441,4344
2328,4604
5087,1718
891,1256
3233,4572
302,948
4370,2845
3669,1075
2472,2530
1506,5345
3194,34
4779,1154
3414,3194
1949,4360
3748,2298
2673,4811
243,4107
1655,3593
47,731
757,1875
1235,4697
4226,3716
79,4666
3793,2655
4616,3324
4864,1890
5114,4309
3334,4363
4911,1157
1163,1862
5120,1907
2873,916
1868,871
695,245
1171,62
1016,1720
1751,4972
4062,3837
1175,1038
1064,4082
4728,4628
5062,407
2774,767
5010,1290
750,2632
4002,4224
4892,4224
2090,4650
1793,3272
1820,4531
3926,3511
1464,4508
2279,3105
130,122
227,4797
3149,3830
87,2400
2447,470
2158,2439
3448,1087
1180,4704
4792,3838
1377,2102
2131,2827
2843,4690
2014,3199
4503,1836
138,1192
3124,531
3416,4940
629,4838
1050,1251
4748,156
4092,2457
1748,1602
2456,4617
5076,721
3310,4475
3973,2897
3092,168
954,2577
2551,820
2745,5191
4566,3513
2237,1237
2608,1608
4264,3750
451,1604
3610,3500
4318,1207
3250,4905
1059,1222
2199,2639
3352,3740
3756,919
2458,213
2678,3214
3939,3284
2252,224
3729,4761
835,560
208,500
4206,833
332,1298
265,1682
840,455
3780,1860
2139,1274
1497,1310
3825,94
1805,803
4938,1300
3975,2369
4121,1026
4985,2372
4537,3351
4942,4728
365,2660
4645,551
2209,1348
2281,2028
3436,2046
74,1980
1626,802
1054,2632
1761,927
1586,3596
2916,28
809,4075
1704,1808
1886,4465
1485,3061
2309,2655
691,4194
1477,4624
1793,933
4246,2445
2970,4914
2521,2853
1212,1966
728,3281
5102,2319
596,3568
1739,1317
1780,332
1827,548
3976,389
4582,2943
530,359
4849,2555
1271,2558
4441,1564
822,815
1809,4250
606,3112
2630,3072
2826,4838
1065,3710
4449,4267
2435,3839
898,4472
2380,1131
2758,1229
2064,3814
2955,15
4334,2137
3091,3746
682,3261
3914,3494
1477,4858
1732,2575
700,3744
2788,3828
2805,4199
4395,848
3559,1352
3001,984
1634,1878
166,3269
3866,4650
3813,3058
1268,585
3826,479
5019,4126
4107,2863
4828,930
2753,2628
2076,3374
3727,3677
3388,3965
3466,2907
4441,2081
1512,2944
4163,2080
2081,3838
3060,625
4640,1866
1017,3699
1286,112
4921,2282
3817,3694
73,1505
1056,2596
3614,359
3920,3274
3162,1519
4873,4891
1156,884
3613,4188
4074,861
1335,2899
2012,251
4784,4155
1301,869
1588,3368
2058,3576
3733,1084
129,4742
2802,2898
1008,3896
4298,3762
3138,3782
654,1519
749,4703
697,128
68,2079
1028,4013
930,896
1654,4783
1695,1876
1274,2711
3732,532
1192,4529
2745,3743
4708,1382
3037,695
3140,160
1525,2527
4691,3175
4537,3223
3364,1553
167,1443
3262,4904
2514,4638
147,4166
3046,2948
1182,4058
2586,1558
13,2575
2555,1068
3692,1940
4889,4231
2023,4290
3848,857
2452,3319
1134,3389
222,3381
3417,4621
2514,2258
2185,1208
1980,3006
3554,519
3234,76
4405,3966
2479,4849
2485,2082
601,3426
4402,1401
1561,844
4297,3844
1026,1635
2149,1724
2992,4520
2694,2682
618,2838
3910,2637
375,1327
3952,666
3249,4319
971,1925
4723,4724
3241,2464
813,3907
2753,1668
3819,1988
3017,1648
2810,3188
175,334
837,1802
2381,3548
2236,1692
3306,4468
910,4672
1685,4108
4291,3692
2984,2081
4694,2337
3932,1146
3219,4499
897,3897
1734,1007
3674,3452
4621,2229
4627,2016
1137,3576
4634,1423
1905,2242
4485,2990
1387,3569
1531,963
2189,3440
2182,110
3794,917
1759,457
4035,3823
1921,1147
890,3269
1785,1211
2806,4621
4606,3465
24,4441
2930,692
3821,1537
165,2415
2626,919
4522,4406
2926,4695
1678,3061
3589,3523
4404,3659
456,4120
2740,2083
1626,3442
522,3388
443,3232
169,1529
3699,2818
928,2497
490,1470
1054,2224
742,4078
2579,3077
4021,2258
2959,949
1564,3455
2359,4003
194,921
2971,655
1668,828
3788,359
1000,1516
1947,4102
740,2952
681,94
3718,3888
2537,2089
2435,2145
2878,1105
1510,4355
2764,4064
463,4270
1794,1702
850,886
1318,2742
4524,266
811,4349
2376,685
1205,3911
2096,3158
2305,1044
1554,2831
1922,2361
894,258
1538,2733
2721,1839
3815,1992
2739,4374
4557,1411
4377,234
3209,4511
1608,2608
257,3410
3036,2843
4356,1727
923,3610
3657,3004
2014,1696
2472,2290
2311,4070
794,584
3985,3226
8,2645
1109,3457
1578,2636
781,4418
4146,1839
4559,2425
4058,3570
2542,3134
3938,2680
548,4423
1783,3720
2799,788
4579,1023
1867,2231
3706,285
4048,2591
500,2989
2568,2228
2268,4167
1242,1688
930,1121
4044,1789
3033,4174
2236,3488
4326,3760
112,2709
33,4131
1417,895
4414,314
3447,543
751,3132
685,3814
2369,1933
1898,1043
977,300
844,4320
1414,3428
3445,650
4220,990
2324,381
3346,2937
2463,4484
170,1312
2527,943
1546,1649
2365,1930
694,688
922,2351
426,210
3952,1078
2238,1174
2475,3976
2875,354
1272,1158
660,755
1221,3378
2526,3028
1736,2347
648,745
3598,1039
3916,940
4008,3841
2460,3430
3577,714
2471,1070
218,3961
1558,1226
2655,2141
444,2986
1575,4313
32,1347
276,778
417,3474
3888,2169
3443,3068
1678,4166
1118,2873
1659,1279
1660,3112
1486,3914
1274,548
3164,4063
529,1746
1789,1278
355,4058
1876,2142
3636,3737
994,2532
654,3187
3380,3439
3983,1381
1740,3849
3842,531
2801,3137
4011,1354
466,1795
1474,2114
2995,3928
2629,679
244,3116
1655,2572
1790,3807
1168,3963
505,1825
1851,3553
613,2902
4141,2478
4333,4309
3233,3724
199,4411
3358,3069
1694,3420
3544,71
653,1493
718,1490
4295,4377
2905,247
1753,1381
3986,2340
2642,4260
23,956
1261,437
728,1971
2052,3385
2175,3069
670,3286
472,246
4124,2970
859,2753
242,1082
3264,3392
1088,349
3616,633
4351,3846
707,2908
299,871
1056,332
4332,2368
1779,1239
2654,1544
2389,1640
3669,2017
805,981
3852,2625
498,3131
511,1204
2069,1535
966,998
4203,898
1180,90
1963,2545
2640,3595
2732,4128
2196,136
271,1723
1167,3943
85,3030
3018,1597
4027,3392
3863,2597
1118,1693
3302,1904
2363,3411
3116,3828
3676,3288
2472,866
53,2531
3877,4135
3298,56
3577,996
3084,3668
2322,3074
1932,883
1104,3326
2808,3656
1275,785
1336,2870
3260,259
3515,718
1203,3591
983,2646
760,1278
3519,293
3839,1841
3410,3144
2569,3920
4062,2826
3765,1725
3626,211
4219,1457
2271,4031
992,2
1980,1662
3777,1453
3511,3571
594,2544
3104,4212
7,420
2866,1024
3779,1617
1298,3499
4132,3886
1059,1600
973,2745
3325,1507
883,3261
745,3966
1290,1192
1626,747
3514,1825
757,2349
2547,4037
2513,13
790,4041
2782,3300
3064,2564
661,2561
150,2972
4078,1324
3148,367
674,1006
2328,1970
2648,1542
1770,3319
2876,3010
2986,2088
1708,1920
845,3131
926,75
1341,1033
795,1127
4121,9
2619,2499
2561,2364
3764,2493
1296,292
1777,3104
1131,3910
8,559
1356,951
2411,1642
1134,3913
294,953
835,2896
1688,1189
2013,3951
4119,2082
3714,3689
1043,2289
3483,134
3116,3537
3674,366
1684,2657
296,2735
772,1083
3081,359
2851,380
2749,3277
4105,187
3834,1639
1637,3770
657,2536
462,1472
312,3798
3485,1565
2822,1843
1199,1205
1949,2972
2075,756
2190,1752
646,2206
2091,592
2208,1630
1070,3688
3415,416
3652,844
2538,1812
2590,3417
2837,1111
3980,202
2311,601
3315,3283
2340,1212
3234,1618
2508,3832
1174,3302
2075,2046
976,3488
1644,61
311,2895
390,705
359,3027
1973,1947
3349,3435
2667,2581
118,945
841,1960
3477,41
2927,2847
2300,976
2436,3486
1150,3603
3276,329
2803,475
819,3123
1739,2738
786,1055
3833,1580
236,269
1281,378
1889,3799
2964,3928
3662,221
2421,104
2577,921
537,2804
1782,3342
440,929
3554,780
3733,1620
3135,2833
2575,3527
821,1392
152,3772
2119,1863
3791,2621
1537,1894
3070,2617
498,1218
3898,3012
1898,2662
1886,3867
2546,2906
932,1431
604,2859
1999,3424
527,3620
1224,3016
1192,3385
3059,2232
66,2603
1954,695
1101,1882
1241,3829
251,1785
422,2298
847,695
3656,453
923,2645
953,1866
447,2666
3120,3188
3785,344
2061,1855
653,38
1398,1060
2091,1632
2904,3212
687,1171
2721,646
1634,1038
1161,2739
2400,3605
2536,3738
3852,758
2058,2459
2392,1167
1757,1323
3372,2666
829,744
3706,3279
3127,210
374,3256
192,3106
1694,421
3651,3633
3792,299
219,3293
1477,361
762,159
1700,2202
1883,3765
1868,2811
2542,905
3734,1552
3688,1900
332,1946
823,2221
1781,936
2328,2996
3363,3276
2006,3381
979,2278
2513,2062
932,2314
3684,2967
1871,659
2888,1472
1365,3190
2192,1419
689,3126
3193,131
590,1717
3251,1810
3306,1841
1480,528
1871,1605
644,2250
181,2324
2740,3400
279,462
3781,1387
1688,695
17,3483
2861,3159
835,2399
2552,889
2269,217
64,1847
2746,3060
2817,683
2548,2887
814,3109
1069,254
11,618
1271,2827
427,2575
1121,220
3112,1773
2232,3670
1674,3528
2721,128
986,2852
1760,963
3099,420
2153,2112
3331,3431
557,3358
1689,866
560,2340
3380,3520
3420,2208
1853,1772
1940,3713
3512,2018
875,2051
3350,2813
1356,3021
1715,2384
1867,1713
1318,99
912,3327
2205,2890
3212,749
1984,1503
2268,2209
1191,3604
266,1883
86,494
2007,2932
887,1770
1181,1054
3257,90
2470,496
2037,1262
1608,3007
2705,2557
999,3233
2563,74
3686,2659
2257,1169
1691,1971
3431,2364
839,3419
2507,3157
2890,1200
360,2617
808,3226
2605,3533
49,2084
398,2674
2393,704
3558,2927
3164,2309
2560,725
2979,11
497,3005
651,3376
67,2870
1295,867
2911,2701
1658,2531
2030,395
2604,73
1717,1435
602,2670
24,1567
2224,3215
2419,968
2053,481
2828,2174
831,1751
157,2836
689,1005
1931,1078
3109,3348
2196,2812
2789,1337
990,3468
2299,3113
302,3045
572,1100
117,289
3596,2547
756,1063
928,2712
792,799
1652,714
1836,3497
2336,2787
3301,1569
1751,624
1923,867
453,826
2366,865
2184,2532
2258,2521
174,3351
1573,3307
1607,3445
2804,1731
241,849
142,376
2511,1371
1131,2039
3063,1076
1100,3066
3355,2303
1263,3504
2735,2814
3391,2724
162,3440
2433,1956
433,1832
613,1855
2689,2077
1850,2432
3507,1537
1306,883
473,1521
1900,2623
3225,311
1349,1085
1403,2716
2685,1417
2047,1603
546,2318
32,64
1542,348
1942,1719
3456,658
742,2790
2854,959
2735,2183
3052,1781
973,369
2980,1187
887,741
2985,3351
2050,1321
535,1231
2636,2694
3289,1060
1503,3015
2361,3390
3470,941
2428,2246
1554,1219
1846,413
956,378
1834,2694
3123,879
430,1650
2095,2830
1403,2764
571,1665
1775,604
1161,2184
1496,1521
2945,1760
2909,3162
3263,3101
1767,26
1407,710
3076,3113
2346,2530
2350,1643
2924,1300
1557,1724
2224,1603
2403,2112
1576,3020
2769,1768
2596,1792
1059,2794
3142,311
912,2621
912,2095
2838,4
2532,396
230,1359
3152,1712
397,1467
2720,120
1105,3263
606,3170
2697,1311
2752,773
1549,221
308,3386
850,3006
3043,261
3341,2001
1585,3106
713,804
1853,1529
2571,1796
1349,1020
2336,3235
2577,1272
2421,2436
667,1185
2148,3325
1004,2968
3220,132
526,2574
3061,2503
2909,611
1683,2843
1732,1766
3229,2956
2764,292
1375,2433
572,875
3301,1698
1792,1666
1009,2386
933,1766
2295,1821
1467,3333
974,1956
3200,571
269,2606
1802,52
2214,723
2662,2808
1467,788
1376,2776
2977,367
3121,3021
2703,121
2964,1487
1666,2179
1532,650
1537,1113
1633,3158
1344,1708
772,1241
3038,2154
21,2070
609,511
1962,2532
2326,2274
186,212
984,1457
2074,1894
1984,1735
601,838
2267,1676
2189,1384
1045,1129
1802,1076
2365,2764
1431,3021
10,125
2987,796
340,1021
2367,2153
1436,410
2416,2645
1957,1296
2918,70
2292,2982
1140,2853
1083,3177
2220,1329
3194,1893
1000,2722
1957,865
148,2789
820,428
199,843
1707,1252
1525,941
2589,1687
2627,1824
2479,2758
2645,2966
1441,1703
2006,2591
1588,1798
1897,78
1137,1622
830,1670
13,2841
179,556
256,2819
1788,1500
1077,2034
1576,1015
1421,189
242,2588
523,378
2042,411
2430,1235
1249,239
2048,764
1169,2207
1722,118
2881,73
408,3022
911,2908
1480,2032
1538,2816
941,1115
1848,2569
113,967
1139,1374
1527,2463
2716,743
2727,409
2390,1943
1555,3090
1669,2644
1613,2720
2915,942
2291,1477
593,1549
2423,500
1078,1640
1984,2356
2605,1285
2516,1817
123,1056
2750,2916
657,2381
551,2096
495,3117
604,2092
1317,1515
345,2011
1171,1347
1323,884
256,1759
363,2694
2058,1006
1352,1047
1868,350
924,1078
2517,2828
2913,595
2969,1793
2021,509
380,178
961,587
923,312
2271,2644
1269,3041
1156,1228
3030,1597
1530,1455
677,38
829,2721
1001,2574
211,140
2146,2592
2628,1560
1667,2811
2097,2435
2380,796
492,76
777,2829
1732,1713
1791,1763
2820,1874
2245,2738
1105,892
1263,1423
2953,2879
941,2332
2544,862
2998,805
1484,1374
736,688
947,1493
911,1752
1874,2188
1081,1428
660,887
1340,2136
900,2255
2751,1366
928,2412
1452,1699
281,231
2844,2218
1460,32
1266,2632
108,2965
1309,342
954,1079
794,1293
938,472
834,1910
2794,2815
743,2024
1500,1794
1399,270
1104,1594
2849,2050
2888,2018
397,701
1625,1673
276,1809
895,1426
1294,682
2538,978
1153,2777
1427,1423
413,444
1541,2493
1858,446
2442,791
692,2608
1595,976
1491,1475
92,2202
422,1882
666,86
2599,2204
190,1966
988,1333
1483,55
2405,506
620,1555
1778,2602
1155,2358
487,371
143,2867
1190,812
956,607
198,2826
2835,2723
577,315
542,2178
2066,1316
1729,1129
247,2471
1468,505
1868,2343
1294,179
1946,29
2091,1783
305,648
1678,47
1705,704
1790,1748
1217,2468
1732,1055
1382,1640
2358,2048
2834,1328
2354,445
843,17
2069,902
1777,2506
966,1716
2379,761
1531,165
705,1020
2369,2780
1503,485
451,1331
2370,2818
2752,650
711,398
1972,212
2807,2086
214,596
539,1612
915,282
1424,755
1120,2027
2565,61
2190,441
906,1536
337,348
2088,2388
522,2301
856,994
909,857
111,1386
182,1350
508,737
1715,272
535,912
2432,1902
96,2045
1317,729
2165,1236
1565,2264
598,2263
2533,1970
56,1591
931,395
1528,721
2521,2330
682,51
167,27
560,2541
1485,1787
1138,1879
2675,2758
1872,1220
246,27
1038,2557
116,2381
2188,1415
248,631
1614,988
1267,1681
2555,1291
1508,2563
1152,84
1190,43
1839,1265
161,2355
2485,2510
1094,1469
2313,2496
82,1584
1316,886
2091,1704
592,120
121,1997
2529,2264
1155,2295
1238,2516
1946,2559
352,91
1564,1752
20,198
921,2480
2345,496
2585,2373
306,1497
1037,1820
887,2378
347,1630
1896,2492
1926,1010
2655,1887
235,2257
98,580
1084,2638
537,1230
1091,2177
900,1030
1531,1094
2635,2278
2028,90
238,448
1654,1000
1193,2004
1371,1531
2122,297
634,547
848,535
1753,816
2618,1330
2331,1725
2068,2581
1793,1736
388,1516
893,2499
817,1904
1637,2252
438,1798
753,2159
214,1879
1032,752
1847,2183
488,232
578,529
1294,353
1902,695
1109,1268
2549,283
665,304
1285,2523
596,2287
1079,1489
693,198
1283,1007
102,1662
2385,2191
586,709
283,1542
2464,2469
2045,1526
1129,2452
206,527
568,114
768,352
2274,149
1103,438
845,303
1251,1334
2249,339
1453,281
1536,2147
417,2199
562,2272
101,386
961,975
410,779
841,2315
1354,725
2034,537
896,565
1990,908
1293,2506
537,1903
1309,275
2006,1507
1834,2077
982,1724
2519,1527
1987,570
2497,851
11,371
1929,1264
2271,310
2127,1072
1486,509
1823,1671
1971,864
832,607
824,454
1621,1189
930,2342
911,1966
1655,863
2302,1631
2286,2326
1253,1428
564,37
541,1582
1483,18
209,219
2258,224
1295,1461
2166,145
87,109
865,1866
680,1496
1441,1271
2395,181
1942,2428
2080,1371
507,472
1266,1633
1732,375
1078,1891
310,1720
1595,788
237,1369
1396,689
1012,1910
2242,1476
757,2145
740,396
1603,2201
2423,1746
120,350
2076,1501
408,1295
2154,1743
1409,2095
2156,1749
1514,654
2233,1583
250,2318
1228,59
2292,1664
1604,16
161,579
593,802
2150,848
15,1941
391,1746
1729,2370
2044,79
368,1364
1620,2053
1688,1329
2143,468
2350,96
2292,1562
139,1678
940,2311
1839,870
1152,2014
1308,2216
680,1315
1968,542
2031,194
1322,2139
1312,2225
1908,166
1902,2230
833,217
2331,258
271,2065
616,485
888,562
690,723
969,465
2252,833
1179,12
1143,529
662,287
65,1116
1644,1903
1500,188
1144,47
1988,2315
2105,1061
1436,1583
888,871
1699,1577
1557,186
409,1369
2177,1272
1561,833
2194,461
1010,1852
1357,1337
1524,531
147,1178
945,704
537,416
1656,821
898,702
938,2208
1344,639
2240,293
638,1863
1281,463
2174,1012
1238,353
319,644
313,663
1339,117
922,739
1818,879
1400,1989
2199,966
1009,1111
826,1866
450,1435
316,1622
1760,1512
512,697
1178,1757
42,1032
639,1409
2191,575
372,2149
97,964
1737,762
2029,188
363,446
1493,228
366,1918
823,156
1881,284
543,2036
32,953
1131,1052
142,620
1186,1402
679,758
228,2208
2009,1580
576,1093
987,2079
109,1910
1620,123
1224,1278
4,274
319,1474
903,2098
1363,343
839,133
529,1629
981,1261
800,1085
1774,599
1711,1804
210,1477
437,994
1302,1917
1369,1977
169,836
390,2094
1906,2028
1021,2049
290,1885
478,774
1572,2059
1326,1829
1019,1128
99,1890
1239,1205
115,990
598,1580
1039,710
1996,1491
154,1150
696,1537
168,2149
1896,605
1860,1110
223,909
771,2019
113,907
210,319
134,764
2102,159
1770,1610
707,1111
700,1536
1452,303
953,296
31,939
1684,1456
68,19
1840,1297
2032,398
1384,1119
1620,312
414,235
852,1799
1332,698
559,1194
1487,2096
1479,1195
801,1169
1403,336
1255,1514
142,2019
854,1919
309,766
816,186
585,940
827,1656
874,624
2052,381
674,451
657,1719
1057,241
1808,926
1520,1647
2030,957
1295,643
1945,1649
1214,1919
948,1651
1520,573
1979,77
948,1114
104,1671
348,1869
1180,826
1190,405
473,923
1722,1572
434,1940
186,1958
372,715
781,1886
938,1968
1030,1212
417,991
1699,374
899,93
512,563
740,1952
132,117
558,1657
442,1164
1771,862
159,986
1918,1643
1440,1020
1423,1557
191,1223
1305,1067
161,163
612,1142
1407,175
1123,791
1499,369
393,1122
801,488
1756,65
1354,714
261,1595
93,65
1756,33
1266,764
1518,650
933,1312
1870,1263
1229,1636
1739,1931
1472,1382
227,258
27,946
1319,1747
571,763
809,921
1214,1320
182,1430
932,1647
945,92
373,563
1804,618
614,453
1786,168
453,1074
1813,1102
694,1739
543,1886
470,0
1523,1083
688,1912
1389,481
1863,571
1353,1524
1095,413
310,1488
660,1600
1509,879
1475,1518
1550,1483
1065,1116
1251,1399
857,1600
213,1367
748,217
927,906
103,1744
1300,370
1066,1280
652,35
992,239
966,35
738,300
422,978
206,1538
382,837
347,23
6,1439
627,1841
1489,239
345,1833
744,851
1347,1268
1343,783
276,1102
1656,176
832,1470
465,799
134,1181
632,537
1138,1087
1124,1056
1672,79
538,77
1686,1683
1574,1058
1609,399
1522,990
1325,102
534,1294
794,1461
677,936
1682,198
1809,708
1378,1033
1264,1260
1165,918
921,1074
674,1491
987,1230
702,1228
903,415
1320,569
386,416
1724,1273
1265,30
620,1132
1528,1458
389,172
1156,1428
82,1608
501,622
391,291
1658,660
1256,423
297,1594
899,1080
565,1332
529,250
1374,1074
1574,1347
753,88
1517,1196
612,19
1142,1216
658,485
311,1306
1111,850
698,265
18,995
666,1467
910,1257
941,1401
882,1277
542,175
892,132
547,67
1566,485
818,399
838,928
1402,1588
1238,25
1480,1529
1238,1306
1669,1427
605,252
224,356
386,86
411,1202
865,96
293,1042
1186,935
302,508
1628,235
1421,601
20,285
1124,796
1275,775
206,857
1449,1095
141,1255
1279,804
1253,617
1583,180
1359,1432
66,1286
1206,717
610,337
374,283
1391,935
1544,968
1529,1027
1361,306
797,1091
748,1268
1532,1208
1391,1413
1601,701
1399,359
1318,1330
581,1399
534,1611
516,396
728,386
171,904
382,1553
1095,486
1172,815
1339,231
1067,913
1436,463
1060,73
1500,497
1494,1398
737,1516
566,10
590,42
334,124
412,1507
487,928
1183,393
886,1437
850,1558
95,870
217,750
957,1126
891,381
1466,108
313,445
87,12
500,916
1229,260
318,359
921,1017
141,1012
383,1391
1315,123
1290,1003
1144,1182
801,1488
387,593
1137,1537
527,1001
692,197
159,217
1363,1514
1369,458
406,246
721,601
1075,470
601,637
701,758
349,1100
1334,740
639,434
516,677
1174,157
1159,1430
1296,1208
1258,851
1190,696
824,1443
1159,406
2,821
1234,1004
262,516
88,313
846,1256
1391,356
1140,935
1161,1445
1064,1228
1201,654
310,1167
801,486
461,1005
837,205
776,1386
1293,750
1079,1422
1057,484
986,1114
162,1469
565,826
797,1363
18,902
49,299
1152,1202
1095,1060
216,479
87,322
8,714
516,727
1134,1339
996,914
1397,607
737,1158
1314,646
427,1382
1023,1165
77,932
345,879
450,1000
919,515
505,1005
264,210
510,572
1283,703
457,252
567,869
306,657
1241,1293
1363,840
147,330
416,478
739,1115
20,479
385,580
1378,554
246,923
1202,589
794,1376
621,1140
85,151
1254,578
174,165
775,136
820,819
1070,454
896,996
817,561
87,18
245,541
182,23
173,668
702,1269
1,1014
1028,1086
1221,1215
636,199
723,1355
452,1195
289,549
315,1241
1012,924
864,881
1006,614
89,608
479,745
1082,68
916,59
1315,554
1207,266
157,1090
460,1062
926,1174
1144,667
250,790
97,244
1058,1023
212,285
354,584
1115,1131
236,717
885,394
574,445
111,543
604,637
17,1199
1272,18
372,540
741,1235
1280,982
1025,316
345,608
488,222
972,41
1146,602
996,692
727,56
24,733
182,57
457,454
1016,568
50,892
740,196
263,996
616,943
815,401
575,112
85,1179
350,257
1159,333
735,65
657,1246
891,593
439,1164
1241,890
339,654
736,784
1191,429
253,700
1098,276
1191,1196
673,179
1012,563
102,587
1197,102
360,1149
150,113
940,909
1122,54
1203,131
975,334
958,937
571,144
875,997
155,871
880,859
380,840
361,740
607,454
206,304
467,1043
1140,1088
500,398
479,594
1021,256
503,190
682,922
497,813
210,911
793,827
861,303
410,297
412,680
727,495
924,179
277,631
1014,854
831,1078
369,1017
408,158
827,259
1112,1052
342,656
156,616
318,701
501,839
806,535
594,152
596,799
636,953
808,1110
802,801
1105,998
325,951
71,554
416,338
472,602
1106,570
328,488
1068,873
496,95
163,200
794,560
927,447
236,645
448,681
351,566
467,812
567,282
1026,454
309,321
516,859
263,150
340,183
523,13
911,94
807,842
425,677
897,569
1068,508
50,950
674,515
92,806
1050,969
119,265
1056,38
532,576
529,161
649,381
992,610
202,704
970,212
780,334
913,567
126,836
946,1033
277,482
382,414
690,1031
725,506
160,420
58,240
20,829
603,208
285,248
13,483
602,423
286,386
980,435
750,781
895,448
796,317
347,3
777,38
176,102
489,623
662,451
422,786
610,688
180,935
728,665
260,872
778,429
395,841
180,975
428,233
250,915
594,700
607,728
868,16
33,534
26,171
732,381
785,134
959,478
741,263
237,769
34,205
171,869
505,870
575,877
815,178
633,238
347,691
799,671
156,819
755,154
851,172
602,80
116,367
582,244
801,642
204,151
920,422
830,363
494,659
199,903
381,105
636,771
468,461
24,75
269,258
299,821
429,74
811,773
518,84
706,122
258,308
53,150
867,451
232,815
744,403
155,402
578,730
665,700
434,709
507,548
321,476
849,506
314,279
603,794
488,37
714,383
809,69
599,62
47,454
753,6
209,99
213,724
93,751
214,556
283,90
307,656
440,136
652,631
317,409
681,546
684,295
294,662
528,613
434,476
108,565
610,802
769,470
312,205
241,101
383,396
56,32
472,372
556,39
751,627
251,768
564,463
580,181
156,719
615,369
169,301
285,544
415,522
295,315
669,756
620,413
359,199
14,257
456,608
608,703
85,456
633,585
203,143
763,126
192,546
288,375
373,642
700,69
96,298
397,706
63,217
156,738
749,597
372,335
417,295
484,316
87,652
261,470
421,452
311,249
498,154
109,102
426,219
27,457
250,681
146,140
185,622
592,600
273,610
552,343
501,389
439,617
43,685
265,441
345,202
374,370
689,131
178,620
96,48
277,487
527,612
71,438
133,316
115,184
38,365
174,502
582,652
442,90
411,200
52,427
632,288
93,39
273,461
149,47
404,633
462,207
299,47
484,550
291,656
442,404
522,70
370,633
20,527
444,16
355,78
180,551
645,501
496,212
475,28
144,329
148,62
425,74
535,602
177,491
140,520
440,388
395,295
525,515
540,112
17,375
2,121
327,297
409,521
195,417
188,243
53,240
464,93
230,420
268,269
72,52
315,545
483,434
254,396
130,311
555,562
275,329
9,367
299,20
334,108
265,582
365,350
270,478
423,175
492,272
52,83
216,240
33,536
44,56
221,455
30,0
351,447
416,202
520,297
209,77
358,190
66,142
544,68
253,505
239,536
540,66
438,404
233,426
305,24
266,41
290,218
343,408
69,241
196,439
452,54
468,105
484,374
430,389
12,63
222,483
246,81
338,210
415,475
97,447
184,483
401,447
17,150
298,118
348,177
62,265
372,311
30,164
43,388
96,45
447,332
371,215
297,270
287,185
358,112
454,95
124,234
221,428
145,3
77,294
56,275
22,311
460,414
84,391
43,149
147,10
334,45
435,307
85,158
120,213
313,93
217,206
178,410
120,114
71,68
11,35
272,247
420,141
273,41
192,309
160,320
123,179
386,393
195,68
222,330
298,399
306,286
382,376
42,240
109,28
253,376
277,380
121,97
158,66
50,252
17,36
355,216
38,373
359,25
214,183
178,42
279,143
168,25
130,356
243,23
84,18
310,142
36,168
23,130
45,247
196,109
12,328
269,226
20,68
212,350
353,13
11,282
214,181
69,109
174,81
311,159
180,22
140,341
89,177
153,218
298,191
315,294
311,54
24,274
207,268
3,50
111,216
22,60
5,10
246,186
80,238
268,279
241,23
241,301
151,231
110,164
224,288
27,127
28,46
257,132
130,109
66,219
201,201
34,251
289,64
283,66
214,249
111,38
202,15
30,242
107,29
93,244
124,130
113,108
155,175
24,231
46,88
38,234
17,44
173,7
247,237
250,68
195,33
199,219
139,240
175,10
11,246
13,81
7,194
55,181
78,172
67,81
30,27
13,97
167,117
15,125
88,17
203,105
29,15
25,71
149,120
182,133
203,11
173,36
57,171
178,55
194,188
143,48
128,127
27,130
14,74
28,9
173,30
125,186
18,112
37,181
128,169
12,144
161,122
72,14
54,158
25,161
114,139
105,82
64,114
141,85
155,77
41,50
65,129
116,126
63,134
12,107
94,138
88,5
127,138
52,143
33,8
50,27
56,13
33,33
77,24
81,59
102,95
3,30
87,100
49,11
121,79
86,57
100,57
37,93
26,69
75,54
36,102
31,100
12,6
8,18
43,68
25,24
27,68
96,94
87,35
37,8
52,26
1,58
35,83
35,70
82,56
75,84
45,10
9,72
33,12
8,47
52,15
51,23
27,32
13,10
35,26
59,58
12,35
57,2
52,40
29,13
38,17
13,42
40,14
35,6
26,2
23,33
10,35
17,14
23,28
9,36
25,8
8,19
24,0
24,30
5,1
0,20
16,22
21,8
20,19
10,1
12,1
9,6
11,2
6,4
1,5
3,1
2,2
2,2
0,2
0,0
0,0
